464 521
1021 1264
1764 2193
2693 3215
3715 4608
5108 5444
6130 6558
7058 8137
8637 8880
9380 9345
9845 10366
10866 11202
11702 12410
12910 13617
14117 14639
15139 16032
16532 17425
17925 18447
19040 19654
20247 20955
21548 21884
22755 23277
23777 24670
25170 25320
26099 26528
27028 27828
28328 29314
29907 30521
31021 31264
32136 32843
33343 34144
34644 35258
35851 36466
36966 37859
38359 39252
39845 40831
41331 42039
42817 43525
44025 44918
45511 45939
46625 47147
47647 48447
49040 49748
50248 51048
51548 52255
52755 53556
54056 54856
55542 56342
56842 58850
59350 60522
61022 62286
62786 63865
64458 66002
66502 67580
68173 69717
70217 71296
71796 73432
73932 74546
75139 75847
76347 77240
77740 78912
79412 80491
81269 82441
82941 84020
84520 85599
86285 86899
87399 88293
88793 89686
90186 91358
91951 93215
93715 94794
95387 96930
97430 98231
98731 99624
100496 101389
101982 103061
103561 104640
105233 106219
106812 107984
108577 109748
110434 111420
112199 113092
113592 114671
115171 116157
116657 117829
118329 118851
119351 120151
120651 121544
122044 123680
124180 125166
125666 126560
127060 128231
128731 129439
130032 131575
132075 133247
133840 135383
135883 136869
137369 138077
138577 139563
140063 141327
141827 142999
143499 144671
145171 146250
146750 147736
148236 149222
149722 150801
151301 152380
152880 153773
154273 155445
155945 156653
157153 157767
158267 159532
160032 160739
161239 162133
162633 163526
164026 164826
165326 166126
166626 167427
168020 168727
169227 170027
170620 171421
171921 172721
173314 174114
174614 175321
176286 176900
177400 178201
178701 179501
180001 180894
181394 182566
183066 184238
184738 185910
186503 187582
188175 189161
189753 190554
191147 191947
192447 193619
194119 195198
195698 196405
196905 197984
198484 199377
199970 201328
201828 203000
203500 204579
205450 205972
206658 207644
208422 209316
209816 210244
210744 211452
212045 213031
213624 214238
214831 215724
216224 217396
217896 218789
219382 220461
220961 222040
223004 223991
224583 225755
226348 227056
227556 228356
228949 229470
229970 230585
231085 231885
232478 233464
233964 234579
235079 235693
236193 237087
237587 238108
238608 239409
239909 240802
241395 242195
242788 243217
243810 244888
245388 246375
246875 247396
247989 248882
249382 250554
251054 251947
252447 253341
253841 254827
255420 256034
256534 256591
257091 257892
258577 259192
259692 260399
260992 261421
262107 263279
263779 264393
264986 265786
266379 266715
267215 267551
268144 268480
268980 269502
270002 270338
270838 271081
271581 272102
272602 273403
273995 274517
275017 275539
276039 276653
277153 277861
278361 278511
279011 279440
279940 280647
281240 281855
282355 282783
283283 283805
284398 285291
285791 286499
286999 287427
288020 288635
289135 289749
290342 290400
291271 291886
292386 293372
293965 294951
295451 296437
296937 298016
298609 299409
300002 300431
300931 301638
302231 303217
304089 304610
305296 305818
306318 307211
307804 308140
308640 309068
309568 309904
310404 311019
311612 312505
313005 314084
314584 315291
315791 316499
316999 317799
318299 318914
319414 320214
320714 321329
321829 322536
323036 323558
324058 324672
325172 326065
326565 327273
327773 328295
328795 329781
330374 331267
331860 332381
332881 333774
334274 334518
335110 335446
335946 336468
336968 337397
337990 338697
339290 340090
340590 341576
342076 342877
343377 344084
344677 345384
345884 346499
346999 347521
348485 349378
349878 350307
350807 351515
352015 352722
353315 353929
354429 355044
355544 355787
356287 356716
357216 357737
358237 359038
359538 360059
360559 361174
361674 362289
362881 363682
364275 364611
365111 366004
366504 367211
367804 368697
369197 370090
370683 371762
372262 373156
373656 374456
375049 375663
376256 376778
377278 378171
378671 379750
380250 381329
381829 382908
383408 384208
384708 385787
386380 387273
387773 388666
389259 390338
390838 391453
391953 392846
393439 394518
395018 396190
396690 397304
397897 398883
399383 399998
400498 401205
401798 402598
403191 403992
404584 405385
405885 406685
407185 407614
408114 408636
409136 409657
410157 410679
411272 411701
412201 412908
413408 413930
414430 415137
415637 416159
416659 417645
418238 418667
419260 419688
420188 420710
421767 422382
422975 423218
423718 424147
424647 425354
426225 426747
427247 427955
429012 429534
430126 430834
431334 432041
432541 432877
433377 433992
434492 435478
435978 436500
437000 437521
438114 438729
439229 439750
440250 440772
441272 441608
442108 442165
442665 443280
443780 444580
445080 445788
446288 446623
447681 448110
448610 448853
449353 449874
450374 450896
451396 451639
452232 452661
453161 453589
454089 454611
455111 455911
456411 456562
457062 457490
457990 458512
459012 459534
460127 460463
460963 461484
461984 462506
463006 463156
463656 464085
464585 465199
465699 466221
466721 467336
467836 468450
468950 469379
469879 470401
470901 471608
472108 472351
472851 473280
473873 474395
474987 475695
476195 476902
477495 477924
478424 479317
479817 480246
480746 481082
481582 482289
482789 483497
483997 484518
485018 485633
486133 486376
486876 487398
487898 488141
488641 489162
489755 490184
490777 491392
491892 492320
492820 493249
493749 494364
494864 495571
496071 496407
496907 497429
497929 498172
498765 498915
499415 499751
500251 500772
501272 501887
502387 502816
503316 504023
504616 504859
505359 505695
506288 506902
507402 507460
507960 508853
509353 510060
510560 511082
511582 512289
512975 513868
514368 514704
515390 515912
516505 517026
517526 518327
518920 519348
519848 520370
520870 521392
521892 522599
523099 523435
524028 524642
525235 525478
526071 526593
527093 527522
528115 528265
528765 529194
529694 530122
530715 531330
531830 532352
532944 533930
534430 535138
535638 536438
537124 537739
538424 538574
539353 539875
540468 541082
541582 542290
542790 543497
543997 544333
544926 545355
545855 546469
546969 547584
548084 548977
549477 550184
550684 551299
551892 552506
553099 553621
554121 554550
555143 555850
556350 557058
557743 558172
558672 559565
560065 560773
561366 561702
562387 562909
563502 564116
564616 565138
565731 566438
566938 567739
568332 569132
569725 570711
571211 572104
572604 573404
573997 574519
575019 575634
576226 576841
577341 578234
578734 579627
580127 580928
581521 582321
582914 583900
584493 585014
585514 586036
586629 587243
587743 588451
588951 589844
590437 590959
591459 592352
592852 593931
594431 595231
595731 596624
597124 597460
597960 598482
599075 599689
600282 600804
601304 602197
602697 603590
604090 604891
605391 605727
606319 606655
607991 608513
609013 609442
610220 610742
611242 611950
612635 613250
613750 614550
615050 615386
615886 616315
616815 617615
618208 618730
619230 619844
620344 620959
621459 621888
622481 623095
623595 624210
624803 625603
626196 626903
627403 628111
628611 629318
629911 630525
631118 631733
632233 632755
633347 633962
634555 635448
635948 636748
637248 637956
638549 638978
639663 640185
640685 641300
641892 642693
643286 643993
644493 645386
646072 646687
647187 647894
648487 649194
649787 650588
651088 651888
652481 653095
653595 654488
654988 656160
656753 657368
657961 658575
659075 659690
660190 660804
661304 662012
662512 663126
663719 664334
664927 665448
666041 667120
667620 668328
668828 669628
670221 670557
671150 671671
672264 672879
673379 674086
674679 675294
675794 676594
677187 677708
678208 678916
679416 680123
680716 681517
682017 683281
683781 684489
685082 685789
686289 686996
687589 688297
688797 689504
690004 690990
691490 691919
692419 693312
693812 694613
695205 695913
696506 696935
697435 697770
698270 698606
699106 699442
700035 700371
700871 701393
701893 702600
703100 703715
704308 704829
705329 705944
706444 706966
707466 707616
708116 708452
708952 709659
710159 710588
711088 711331
712017 713003
713503 713839
714339 714860
715360 715789
716289 716718
717311 717554
718054 718204
718890 719226
719726 720155
720655 721083
721583 722012
722512 723034
723534 723963
724463 725263
725763 725913
726599 726842
727342 727678
728178 728607
729107 729535
730035 730464
730964 731300
731800 732322
732822 733065
733565 733901
734401 734551
735422 735758
736351 736780
737559 738452
738952 739659
740159 740867
741460 742074
742574 743282
743782 744118
744618 745139
745639 746532
747032 747647
748147 748761
749261 749690
750283 750991
751583 752012
752512 753220
753813 754799
755392 755913
756413 756935
757435 758049
758642 759071
759571 760371
760871 761207
761800 762415
762915 763437
763937 764365
764865 765294
765794 766502
767002 767616
768116 768824
769324 770031
770624 771238
771831 772353
772946 773375
773875 774211
774711 775232
775732 776347
776847 777276
777776 778204
778704 779226
779726 780155
780655 781177
781677 782105
782605 783127
783627 784149
784649 785542
786042 786471
786971 787678
788178 788793
789293 790000
790500 791115
791615 792322
792822 793808
794401 794737
795237 795944
796444 796966
797559 798081
798674 799288
799788 800217
800717 801239
801739 801982
802482 802910
803503 803932
804525 805140
805640 806626
807126 807740
808705 809412
809912 810712
811212 811827
812420 812849
813441 814056
814556 815078
815578 816192
816878 817307
817807 818236
818736 818979
819572 820186
820686 820929
821429 821951
822544 822787
823287 823808
824308 824830
825887 826595
827373 827338
827931 828081
828581 828638
829138 829660
830160 830124
830717 831332
831832 833096
833596 834397
834897 835604
836197 836812
837312 838019
838519 838855
839912 840341
840841 841456
842048 842849
843349 843963
844463 845078
845578 846007
846507 846843
847343 847864
848364 848793
849293 849629
850129 850651
851244 851858
852451 852973
853473 853623
854216 855016
855609 855852
856352 856688
857188 857617
858117 858731
859231 859753
860253 861146
861646 862354
862854 863468
863968 864583
865083 865419
865919 866254
866847 867369
868148 868391
868891 868855
869820 870341
870934 871456
871956 872663
873163 873871
874371 875542
876042 876657
877250 877957
878550 879351
879851 880558
881058 881765
882265 882880
883473 884087
884680 885202
885795 886502
887002 887617
888117 888731
889231 890125
890625 891239
891832 892168
892668 892911
893504 893840
894340 894769
895454 895976
896476 897276
897869 898484
898984 899877
900470 900806
901956 902570
903163 903778
904278 904985
905578 906193
906693 907214
907807 908515
909015 909629
910222 911208
911708 912323
912823 913252
914030 914180
914680 915109
915609 916224
916817 917431
917931 918546
919232 920125
920625 921332
921832 922447
923040 923747
924247 924955
925640 926533
927033 927741
928241 928948
929448 930156
930656 931270
931770 932385
932978 933314
933814 936100
936600 937400
937993 938515
939015 939537
940037 940651
941244 941673
942266 942787
943287 943809
944402 945109
945702 946317
946910 947524
948024 948918
949418 949939
950439 951240
951740 952261
952761 953190
953690 954305
954805 955698
956198 957184
957684 958577
959077 959877
960377 961271
961863 962478
962978 963685
964185 965079
965671 966843
967343 968237
968737 969537
970037 970744
971337 971673
972266 973066
973566 974552
975052 975017
975517 976317
976817 977617
978210 979475
980068 981240
981740 982726
983226 984119
984619 985605
986105 986998
987498 988391
988891 989785
990470 991364
991864 992757
993350 994057
994650 995543
996136 996658
997436 998237
998922 999723
1000220 1001020
1001520 1002040
1002540 1002970
1003570 1005570
1006070 1007060
1007650 1008360
1008950 1009940
1010530 1011150
1011650 1012350
1012850 1013650
1014150 1015140
1015640 1016630
1017130 1017740
1018240 1018580
1019080 1019690
1020190 1020900
1021400 1022010
1022510 1023220
1023720 1024800
1025300 1026290
1026790 1027490
1028090 1028980
1029480 1030190
1030690 1031770
1032270 1032970
1033470 1034270
1034770 1035570
1036070 1036870
1037370 1038270
1038860 1040400
1040900 1041980
1042480 1043280
1043880 1044770
1045270 1046070
1046660 1047830
1048330 1049230
1049820 1050900
1051400 1052010
1052510 1053220
1053720 1054520
1055110 1055820
1056510 1057310
1057810 1058790
1059390 1060280
1060780 1061580
1062080 1063070
1063750 1064650
1065240 1065850
1066450 1067340
1067840 1068550
1069050 1070030
1070530 1071520
1072110 1073000
1073500 1074400
1074900 1075790
1076380 1077280
1077960 1078760
1079540 1081090
1081590 1082480
1082980 1083780
1084370 1085170
1085670 1086010
1086510 1087310
1087900 1088980
1089480 1090090
1090870 1091770
1092270 1093160
1093660 1094460
1094960 1095850
1096450 1097060
1097560 1098180
1098770 1099100
1099600 1099940
1100440 1100870
1101370 1101980
1102580 1103280
1103780 1104490
1104990 1106070
1106570 1107370
1107870 1108390
1108890 1109410
1110100 1110620
1111490 1112010
1112980 1113590
1114090 1114430
1114930 1115270
1115770 1116290
1116880 1117220
1117720 1118330
1118830 1119440
1119940 1120650
1121150 1121300
1121800 1122230
1122730 1122970
1123470 1124090
1124590 1125020
1125520 1126040
1126540 1127150
1127650 1128360
1128950 1129750
1130350 1131050
1131550 1131980
1132480 1133380
1133970 1134490
1134990 1135700
1136290 1136910
1137410 1138210
1138710 1138860
1139360 1139690
1140750 1141090
1141680 1142390
1142890 1143220
1143720 1144340
1144840 1145450
1146040 1146660
1147250 1147870
1148370 1148980
1149480 1150100
1150690 1151210
1151710 1151860
1152360 1152790
1153380 1153900
1154400 1154920
1155520 1156130
1156630 1157150
1157650 1158550
1159050 1160130
1160630 1161150
1161650 1162360
1162860 1163470
1163970 1164490
1164990 1165700
1166290 1166720
1167310 1168020
1168520 1169230
1169730 1170530
1171030 1171460
1171960 1172390
1172980 1173590
1174090 1174620
1175120 1175640
1176140 1176660
1177160 1177590
1178090 1178520
1179020 1179450
1179950 1180470
1180970 1181580
1182080 1182700
1183200 1184180
1184680 1185200
1185700 1186410
1186910 1187340
1187840 1188270
1188770 1189290
1189880 1190220
1190720 1191240
1191830 1191980
1192480 1192910
1193410 1193750
1194250 1194680
1195180 1195700
1196200 1197090
1197590 1198210
1198710 1199230
1199820 1200340
1200840 1201360
1201860 1202480
1203260 1203870
1204370 1204890
1205390 1206100
1206790 1207220
1208270 1208700
1209300 1209630
1210320 1210750
1211250 1211770
1212360 1212880
1213380 1213810
1214310 1215110
1215610 1216320
1216820 1217620
1218120 1218730
1219230 1219660
1220260 1220680
1221280 1221710
1222300 1222820
1223410 1223750
1224250 1224770
1225360 1225890
1226480 1226810
1227410 1227930
1228520 1229040
1229640 1230160
1230750 1231460
1231960 1232670
1233170 1233590
1234090 1234430
1235120 1235640
1236140 1236660
1237250 1237680
1238270 1238890
1239390 1239820
1240320 1240840
1241340 1241860
1242450 1242980
1243480 1244000
1244500 1245020
1245520 1245760
1246260 1246780
1247280 1247620
1248210 1248450
1249050 1249480
1250070 1250310
1250810 1251150
1251650 1252170
1252670 1253190
1253780 1253930
1254430 1254770
1255270 1255790
1256290 1256630
1257220 1257650
1258150 1258580
1259080 1259510
1260100 1260990
1261490 1261830
1262330 1262760
1263350 1263870
1264370 1264800
1265300 1265730
1266320 1266940
1267440 1268520
1269110 1269260
1269850 1270190
1270690 1271580
1272080 1272980
1273480 1273900
1274400 1274930
1275430 1275950
1276450 1276880
1277380 1277990
1278490 1279010
1279510 1280130
1280630 1281150
1281650 1282450
1282950 1283750
1284250 1285140
1285640 1286720
1287220 1288020
1288610 1289600
1290100 1290900
1291400 1291920
1292520 1293130
1293630 1294520
1295020 1295730
1296320 1297400
1298000 1298800
1299300 1300100
1300600 1300930
1301430 1302140
1302640 1303070
1303570 1304280
1304870 1305390
1305980 1306780
1307280 1308460
1308960 1309760
1310350 1311150
1311740 1312170
1312670 1313190
1313790 1314590
1315090 1315700
1316200 1316810
1317310 1317740
1318430 1319320
1319820 1320250
1320750 1321370
1321870 1322570
1323070 1324060
1324560 1325820
1326420 1327500
1328000 1328980
1329480 1330190
1330690 1331770
1332360 1333070
1333570 1334000
1334780 1335480
1336080 1336880
1337380 1338360
1338860 1339570
1340070 1341330
1341830 1342450
1342950 1343840
1344440 1345140
1345640 1346440
1347040 1347740
1348240 1349230
1349730 1351180
1351680 1352390
1352890 1353590
1354090 1354900
1355670 1356100
1357070 1357500
1358180 1358890
1359390 1360100
1360600 1361400
1361900 1362980
1363480 1364180
1364680 1365390
1365890 1366230
1366910 1367430
1367930 1368360
1368860 1369380
1369980 1370500
1371090 1372170
1372760 1373660
1374250 1374770
1375270 1375790
1376290 1376720
1377590 1378390
1378890 1379320
1379820 1380440
1380940 1381640
1382140 1382940
1383440 1384060
1384560 1385450
1386050 1386380
1387160 1387870
1388370 1389070
1389570 1390100
1390600 1391120
1391620 1392600
1393100 1393720
1394220 1394830
1395430 1396040
1396540 1397250
1397750 1398460
1398960 1399380
1399980 1400590
1401090 1401800
1402300 1402640
1403140 1403560
1404060 1404680
1405270 1406160
1406660 1406910
1407500 1408020
1408520 1409040
1409540 1409970
1410470 1410440
1410940 1411640
1412240 1413040
1413540 1414150
1414650 1415360
1415860 1416570
1417070 1417960
1418460 1419350
1419950 1420750
1421250 1422050
1422550 1423630
1424220 1424930
1425520 1426230
1426730 1427160
1427660 1428270
1428770 1429570
1430070 1430410
1430910 1431520
1432110 1432730
1433230 1434030
1434530 1435140
1435640 1436260
1436760 1437560
1438060 1439230
1439820 1440530
1441030 1441920
1442420 1443220
1443720 1444520
1445020 1445550
1446050 1446850
1447350 1448150
1448650 1449350
1449950 1450930
1451430 1452050
1452640 1453250
1454030 1454560
1455060 1455670
1456170 1456780
1457280 1458180
1458680 1459290
1459790 1460410
1461000 1461710
1462210 1463190
1463790 1464210
1464810 1465610
1466110 1466820
1467320 1467740
1468240 1468860
1469450 1470070
1470570 1471370
1471960 1472670
1473170 1473870
1474370 1475360
1475860 1476570
1477070 1477680
1478180 1478800
1479390 1480280
1480780 1481490
1481990 1482790
1483290 1484090
1484590 1485480
1485980 1486600
1487100 1487810
1488310 1489010
1489510 1490220
1490720 1491430
1491930 1492730
1493230 1494120
1494620 1495050
1495550 1496070
1496570 1497280
1497970 1498770
1499270 1500070
1500660 1501370
1501870 1502760
1503350 1504250
1504750 1505270
1505770 1506100
1506600 1507130
1507630 1507960
1508740 1509170
1509670 1510380
1510880 1511770
1512270 1512790
1513290 1514000
1514500 1515210
1515710 1516690
1517190 1517710
1518210 1518830
1519330 1519940
1520540 1521060
1521560 1522170
1522670 1523380
1523880 1524590
1525090 1525790
1526290 1527000
1527590 1527930
1528430 1528770
1529360 1530160
1530660 1531370
1531960 1532480
1533070 1533690
1534190 1534990
1535580 1536100
1536600 1537400
1537900 1538430
1538930 1539350
1539850 1540470
1540970 1541490
1541990 1542700
1543290 1543630
1544220 1544830
1545330 1546410
1546910 1547620
1548120 1548920
1549420 1550220
1550720 1551060
1551650 1552170
1552670 1553380
1553970 1554680
1555180 1555980
1556480 1556910
1557410 1558020
1558520 1558950
1559450 1559880
1560380 1561000
1561500 1562570
1563070 1563780
1564280 1565180
1565770 1566480
1566980 1567780
1568280 1568890
1569390 1569820
1570320 1570840
1571340 1572230
1572730 1573350
1573850 1574460
1575060 1575760
1576260 1576690
1577190 1577810
1578310 1579010
1579510 1580410
1580910 1581610
1582210 1583010
1583510 1584310
1584810 1585140
1585740 1586260
1586850 1587470
1587970 1588670
1589170 1589880
1590380 1591270
1591870 1592850
1593450 1594060
1594650 1595450
1595950 1596660
1597350 1598240
1598740 1599450
1600040 1600840
1601430 1602330
1602830 1603260
1603760 1604370
1604870 1605860
1606360 1606690
1607190 1607810
1608400 1609200
1609700 1610690
1611190 1611990
1612490 1612920
1613600 1614030
1614530 1615140
1615640 1616260
1616760 1617470
1617970 1618670
1619170 1619790
1620380 1621000
1621590 1621920
1622420 1622850
1623350 1623880
1624470 1625080
1625580 1626100
1626600 1627220
1627720 1628330
1628830 1629630
1630130 1630930
1631430 1632050
1632550 1633350
1633940 1634560
1635060 1635760
1636260 1636970
1637560 1638270
1638770 1639200
1639790 1640590
1641090 1641990
1642490 1643190
1643690 1644490
1644990 1645790
1646290 1646910
1647410 1648210
1648800 1649140
1649640 1650160
1650660 1651460
1651960 1652300
1652800 1653600
1654100 1654430
1654930 1655640
1656140 1657030
1657530 1658610
1659110 1659910
1660410 1661210
1661710 1662330
1662920 1663910
1664500 1665110
1665610 1666600
1667100 1667810
1668310 1668830
1669330 1670040
1670540 1671150
1671650 1672270
1672770 1673290
1673790 1674680
1675180 1675890
1676390 1677190
1677690 1678210
1678800 1679420
1679920 1680620
1681120 1681740
1682330 1683040
1683630 1684150
1684650 1685360
1685860 1686660
1687160 1687500
1688000 1688430
1689020 1689730
1690230 1690380
1691160 1691310
1691810 1692230
1692730 1693160
1693660 1694190
1694690 1695300
1695800 1696230
1696820 1697160
1697660 1698270
1698770 1698920
1699420 1699760
1700260 1700780
1701280 1701800
1702300 1702820
1703320 1703750
1704250 1704590
1705090 1705240
1705740 1706070
1706570 1706720
1707220 1707650
1708250 1709050
1709550 1710160
1710750 1711180
1711680 1712110
1712610 1713130
1713730 1714060
1714560 1715080
1715580 1716010
1716510 1716940
1717440 1717590
1718090 1718430
1719020 1719260
1719760 1720280
1720780 1721120
1721620 1722050
1722640 1723540
1724040 1724460
1725060 1725490
1725990 1726140
1726640 1727060
1727560 1728360
1728860 1729390
1729890 1730320
1730820 1730970
1731470 1731890
1732390 1732820
1733320 1733940
1734440 1735150
1735650 1736170
1736670 1737190
1737780 1738400
1738990 1739510
1740100 1740160
1740850 1741280
1741780 1742200
1742800 1743500
1744000 1744800
1745300 1745830
1746420 1746940
1747440 1748240
1748740 1749170
1749670 1750190
1750780 1751490
1751990 1752610
1753110 1753630
1754220 1755020
1755520 1756230
1756730 1757250
1757750 1758270
1758770 1759020
1759520 1759850
1760350 1761150
1761650 1762170
1762670 1763100
1763790 1764310
1764810 1765520
1766020 1766540
1767040 1767280
1767780 1768210
1768710 1769050
1769550 1770160
1770660 1771090
1771680 1772300
1772800 1773410
1773910 1774530
1775030 1775550
1776050 1776570
1777070 1777780
1778280 1778980
1779480 1780280
1780780 1781400
1781900 1782610
1783200 1783910
1784500 1785020
1785520 1786140
1786640 1787440
1787940 1788460
1788960 1789480
1790070 1790500
1791090 1791620
1792210 1792920
1793510 1793850
1794350 1794770
1795370 1795890
1796480 1797190
1797690 1798120
1798620 1799230
1799730 1800160
1800750 1801180
1801680 1802110
1802700 1802950
1803450 1803880
1804380 1804990
1805490 1805920
1806420 1806940
1807440 1807960
1808460 1808710
1809480 1809910
1810510 1811030
1811530 1812140
1812640 1813160
1813660 1814000
1814690 1815110
1815610 1816140
1816640 1817530
1818030 1818740
1819330 1819940
1820540 1821150
1821650 1821990
1822490 1822920
1823420 1824120
1824620 1825150
1825650 1826260
1826760 1827370
1827870 1828580
1829080 1829510
1830010 1830440
1830940 1831460
1831960 1832480
1833080 1833600
1834190 1834530
1835030 1835640
1836140 1836380
1836880 1837220
1837720 1838240
1838740 1839360
1839860 1840380
1840880 1841490
1841990 1842240
1842740 1843160
1843660 1844190
1844690 1845580
1846080 1846690
1847190 1847720
1848220 1848740
1849240 1849670
1850260 1850500
1851000 1851340
1851840 1852270
1852770 1853290
1853790 1854680
1855180 1855800
1856300 1856910
1857500 1857930
1858430 1858860
1859450 1860250
1860750 1861280
1861780 1862020
1862520 1863040
1863820 1864060
1864560 1864990
1865490 1866110
1866610 1867410
1867910 1868610
1869110 1869640
1870140 1870840
1871340 1871680
1872180 1872700
1873200 1874090
1874690 1875390
1876080 1876690
1877190 1877810
1878400 1879110
1879610 1880220
1880720 1881340
1881930 1882360
1882950 1883290
1883880 1884680
1885370 1885800
1886300 1886910
1887410 1887470
1887970 1888680
1889180 1889420
1889920 1890440
1890940 1891460
1891960 1892670
1893170 1893510
1894380 1894900
1895400 1896110
1896610 1897220
1897810 1898710
1899210 1900380
1900880 1901310
1901990 1902700
1903200 1904000
1904590 1905390
1905890 1907160
1907660 1907990
1908490 1909200
1909700 1910220
1910720 1911060
1911560 1912080
1912580 1913200
1913700 1914400
1915000 1915800
1916390 1916910
1917500 1918120
1918620 1919230
1919730 1920250
1920750 1921090
1921780 1922210
1922710 1923230
1923730 1924340
1924840 1925550
1926050 1926760
1927260 1927870
1928370 1928990
1929490 1930470
1930970 1931400
1931900 1932610
1933110 1933820
1934410 1935020
1935520 1936420
1936920 1937720
1938220 1939300
1939800 1940600
1941100 1941990
1942490 1943380
1943880 1944590
1945090 1945330
1945830 1946450
1946950 1947280
1947780 1948400
1948900 1949600
1950100 1950720
1951220 1951930
1952430 1953040
1953630 1953880
1954380 1954990
1955490 1956110
1956610 1957410
1958000 1958710
1959210 1960010
1960510 1961400
1961900 1962700
1963200 1964090
1964690 1965120
1965620 1965950
1966450 1968270
1968770 1970600
1971100 1971710
1972210 1973010
1973510 1974310
1974810 1975800
1976300 1977280
1977780 1978210
1978710 1979880
1980380 1981370
1981960 1982760
1983360 1984160
1984660 1985550
1986050 1987130
1987630 1988430
1988930 1989080
1989580 1989910
1990410 1991310
1991810 1992700
1993390 1994370
1994870 1995860
1996360 1996880
1997380 1998270
1998770 1999570
2000170 2000780
2001280 2001900
2002490 2002640
2003140 2003660
2004160 2005150
2005650 2005800
2006300 2007000
2007500 2008120
2008620 2008950
2009550 2010160
2010660 2011180
2011680 2012020
2012520 2013130
2013630 2014340
2014840 2015460
2015960 2016660
2017160 2017870
2018460 2018710
2019210 2019730
2020230 2020560
2021060 2021960
2022460 2022790
2023290 2024000
2024500 2025490
2025990 2027160
2027660 2028370
2028870 2029760
2030260 2031150
2031650 2032360
2032860 2033660
2034250 2035150
2035650 2036630
2037130 2037650
2038340 2038960
2039460 2040160
2040660 2041560
2042060 2043230
2043730 2044620
2045210 2046010
2046510 2047310
2047910 2048520
2049210 2050010
2050510 2051220
2051720 2052610
2053110 2053720
2054220 2054650
2055150 2055860
2056360 2057160
2057660 2058460
2058960 2059950
2060450 2061250
2061750 2062640
2063140 2063750
2064250 2065050
2065550 2066450
2066950 2067650
2068150 2068960
2069460 2070350
2070850 2071830
2072330 2073130
2073630 2074530
2075030 2075740
2076240 2076940
2077440 2078150
2078650 2079170
2079760 2080470
2081070 2081870
2082370 2083170
2083670 2084470
2084970 2085770
2086360 2086970
2087570 2087900
2088770 2089300
2089800 2090500
2091000 2091800
2092300 2093100
2093700 2094500
2095000 2095800
2096300 2097280
2097780 2098210
2098900 2099700
2100200 2100720
2101310 2102760
2103360 2103880
2104380 2104900
2105400 2105920
2106420 2107040
2107540 2108060
2108560 2108800
2109490 2109920
2110420 2111030
2111530 2112140
2112640 2113070
2113570 2114090
2114590 2115300
2115900 2116510
2117010 2118090
2118680 2119200
2119800 2120130
2120630 2120970
2121470 2121900
2122490 2122920
2123420 2123750
2124250 2124680
2125280 2125610
2126200 2126450
2126950 2127190
2127690 2128210
2128710 2129230
2129830 2130530
2131130 2132300
2132800 2133600
2134100 2134990
2135590 2136110
2136700 2137410
2137910 2138890
2139390 2139820
2140420 2141030
2141530 2142240
2142740 2143260
2143850 2144370
2144870 2145210
2145800 2146230
2146730 2147250
2147850 2148460
2148960 2150040
2150540 2151150
2151650 2152270
2152860 2153480
2153980 2154220
2154810 2155240
2155830 2156260
2156950 2157560
2158160 2158680
2159270 2159880
2160380 2160810
2161310 2161930
2162520 2163410
2163910 2164620
2165210 2165550
2166240 2166940
2167540 2167970
2168470 2168990
2169490 2170100
2170600 2171220
2171810 2172420
2172920 2173720
2174220 2174750
2175340 2175950
2177010 2177720
2178220 2179110
2179610 2180230
2180820 2181530
2182030 2182830
2183330 2184130
2184720 2185610
2186110 2186820
2187320 2188030
2188530 2189420
2190010 2190440
2190940 2191460
2191960 2192580
2193080 2193690
2194190 2194710
2195310 2196010
2196510 2197590
2198090 2198710
2199210 2200380
2200880 2201310
2201810 2202520
2203020 2203540
2204130 2204750
2205250 2205950
2206450 2206970
2207470 2208090
2208590 2209200
2209800 2210130
2210730 2210970
2211560 2211900
2212400 2212830
2213330 2213940
2214530 2215060
2215560 2216170
2216670 2217280
2217880 2218680
2219180 2219790
2220380 2221000
2221590 2222110
2222610 2223320
2223910 2224340
2224840 2225270
2225770 2226570
2227070 2227410
2227910 2228240
2228740 2229270
2229770 2230380
2230970 2231400
2231900 2232420
2232920 2233450
2234040 2234470
2234970 2235210
2235990 2236230
2236730 2237160
2237660 2238180
2238680 2238930
2239430 2239850
2240350 2240600
2241100 2241620
2242120 2242550
2243140 2243660
2244260 2244870
2245370 2245980
2246480 2247100
2247600 2248400
2248900 2249420
2249920 2250630
2251130 2251840
2252340 2252860
2253360 2254060
2254560 2254900
2255490 2255640
2256140 2256940
2257440 2257870
2258370 2258990
2259490 2260010
2260510 2261120
2261620 2262050
2262550 2263260
2263850 2264190
2264690 2265020
2265520 2265950
2266450 2266980
2267480 2268000
2268500 2268930
2269430 2270130
2270630 2271150
2271650 2272450
2272950 2273850
2274350 2274960
2275560 2275980
2276580 2277010
2277510 2278030
2278530 2279140
2279640 2280260
2280850 2281280
2281780 2282300
2282800 2283320
2283820 2284250
2284840 2285090
2285590 2286110
2286610 2287220
2287720 2288340
2288840 2289450
2289950 2290570
2291160 2291590
2292090 2292700
2293200 2293720
2294320 2294650
2295150 2295490
2295990 2296230
2296730 2297160
2297660 2298090
2298590 2299200
2299700 2300130
2300730 2301150
2301650 2302270
2302770 2303380
2303880 2304030
2304530 2304870
2305370 2305890
2306390 2306910
2307410 2307840
2308340 2308680
2309180 2309610
2310110 2310630
2311130 2311840
2312430 2313320
2313820 2314620
2315120 2315740
2316240 2316760
2317350 2317780
2318370 2319170
2319670 2320100
2320700 2321120
2321720 2322150
2322650 2323170
2323670 2323910
2324500 2324930
2325430 2325950
2326450 2327160
2327750 2328280
2328780 2329300
2329800 2330040
2330540 2331340
2331930 2332460
2332960 2333380
2333980 2334410
2335000 2335520
2336110 2336730
2337230 2337750
2338250 2338770
2339460 2339700
2340200 2340720
2341220 2341840
2342340 2342950
2343450 2343970
2344470 2344990
2345590 2346110
2346610 2347220
2347720 2348430
2348930 2349360
2349860 2350290
2350790 2351220
2351720 2352330
2352830 2353070
2353670 2354000
2354500 2355120
2355620 2356330
2356830 2357160
2357660 2358280
2358780 2359390
2359890 2360500
2361000 2361620
2362120 2362640
2363230 2363480
2363980 2364410
2364910 2365430
2365930 2366540
2367040 2367190
2367690 2368120
2368710 2369240
2369740 2370350
2370850 2371460
2371960 2372580
2373080 2373790
2374290 2374990
2375590 2376110
2376610 2377130
2377720 2378430
2379020 2379550
2380050 2380570
2381070 2381310
2381810 2382240
2382740 2383170
2383760 2384280
2384780 2385300
2385900 2386330
2386830 2387440
2388030 2388370
2388870 2389390
2389890 2390600
2391100 2391620
2392120 2392830
2393330 2393850
2394350 2395060
2395560 2396170
2396670 2397290
2397790 2398210
2398710 2399240
2399740 2400260
2400850 2401280
2401780 2402390
2402990 2404720
2405220 2405550
2406140 2406570
2407070 2407500
2408190 2408800
2409300 2409640
2410140 2410380
2410880 2411220
2411720 2412150
2412650 2412980
2413480 2413910
2414410 2414930
2415530 2416050
2416550 2417070
2417570 2418090
2418590 2418830
2419330 2419760
2420260 2420880
2421380 2421900
2422490 2423010
2423610 2424500
2425090 2425710
2426210 2427100
2427690 2428400
2428990 2429610
2430110 2430720
2431220 2431930
2432520 2432860
2433360 2433880
2434470 2434900
2435400 2436020
2436610 2437320
2437820 2438620
2439120 2439920
2440420 2441310
2441810 2442520
2443110 2443630
2444130 2444650
2445340 2445490
2445990 2446700
2447200 2447900
2448400 2449020
2449520 2450130
2450630 2451250
2451750 2452550
2453050 2453850
2454350 2454960
2455460 2456080
2456580 2457290
2457790 2458310
2458990 2459610
2460110 2460720
2461220 2461740
2462340 2462950
2463540 2464340
2464840 2465740
2466240 2467040
2467630 2468430
2468930 2469730
2470320 2470750
2471250 2471870
2472370 2473170
2473670 2474380
2474880 2475680
2476270 2477070
2477570 2478460
2478960 2479860
2480360 2481060
2481560 2482180
2482770 2483380
2483880 2484410
2485000 2485430
2485930 2486450
2486950 2487470
2487970 2488590
2489090 2489700
2490290 2490910
2491410 2492210
2492710 2493320
2493820 2494250
2494750 2495550
2496050 2496760
2497260 2497600
2498190 2498620
2499120 2499730
2500320 2500940
2501530 2502240
2502830 2503350
2503850 2504470
2504970 2505680
2506180 2506880
2507380 2507810
2508310 2508930
2509430 2510230
2510730 2511530
2512120 2512640
2513140 2513760
2514260 2514960
2515460 2516170
2516760 2517190
2517790 2518120
2518620 2519330
2519830 2520630
2521130 2521560
2522150 2522390
2523080 2523510
2524100 2524810
2525310 2526110
2526610 2527600
2528470 2528900
2529400 2530200
2530980 2531500
2532000 2532980
2533480 2534380
2534970 2535580
2536080 2537070
2537570 2538370
2538960 2539760
2540360 2541250
2541840 2542920
2543610 2544130
2544630 2545520
2546110 2546730
2547410 2548220
2548720 2549420
2550480 2551000
2551590 2552210
2552710 2553140
2553640 2554070
2554570 2555090
2555590 2555740
2556700 2557130
2557720 2558340
2558840 2559080
2559770 2560100
2560600 2561220
2562000 2562330
2563110 2563540
2564320 2564650
2565150 2565960
2566460 2567160
2567660 2568370
2568960 2569760
2570260 2570780
2571280 2571990
2572490 2572920
2573420 2573940
2574440 2574780
2575280 2575520
2576020 2576360
2576860 2577190
2577690 2578220
2578720 2579140
2579830 2580260
2580760 2581280
2581970 2582300
2582990 2583420
2583920 2584720
2585310 2585830
2586330 2586760
2587260 2587600
2588100 2588710
2589210 2589640
2590230 2590660
2591160 2591590
2592090 2592430
2592930 2593260
2593850 2594380
2594880 2595400
2595900 2596330
2596830 2597160
2597660 2598180
2598680 2599020
2599520 2599860
2600450 2601160
2601660 2602090
2602680 2603110
2603610 2604040
2604540 2604870
2605370 2605800
2606300 2606730
2607230 2607750
2608250 2608680
2609180 2609700
2610200 2610540
2611040 2611560
2612060 2612580
2613080 2613510
2614010 2614720
2615400 2615920
2616420 2616760
2617350 2617690
2618190 2618710
2619300 2620010
2620510 2620660
2621160 2621960
2622460 2622980
2623480 2625030
2625530 2625960
2626460 2626980
2627480 2628000
2628500 2628830
2629330 2629760
2630260 2630600
2631100 2631530
2632120 2632550
2633050 2633480
2633980 2634590
2635090 2635520
2636020 2636540
2637040 2637570
2638070 2638490
2639090 2639420
2639920 2640350
2640850 2641280
2641870 2642300
2642800 2643230
2643730 2644250
2644750 2645090
2645590 2646020
2646520 2646950
2647450 2647970
2648470 2649080
2649580 2650200
2650700 2651220
2651720 2651870
2652370 2652430
2652930 2653080
